89994327749
89996664745
89999254114
89995763644
89993605746
89999412257
89990872418
89997680499
89999813804
89996052771
89992116126
89996307051
89997881799
89999136669
89990525344
89996267326
89997700503
89993018539
89998811058
89999918906
89999551337
89999984657
89991114285
89992438460
89992194428
89999456483
89993302332
89990284871
89992668733
89994923511
89990816740
89994718677
89995912857
89997679413
89999586378
89991151448
89998090387
89995751748
89990506116
89996919914
89997929962
89999382277
89993935829
89996309041
89998168396
89998877667
89995933319
89996494040
89994788310
89997006166